
--Converted with ttyyuu12345's model to script plugin v4
function sandbox(var,func)
	local env = getfenv(func)
	local newenv = setmetatable({},{
		__index = function(self,k)
			if k=="script" then
				return var
			else
				return env[k]
			end
		end,
	})
	setfenv(func,newenv)
	return func
end
cors = {}
mas = Instance.new("Model",game:GetService("Lighting"))
Model0 = Instance.new("Model")
Part1 = Instance.new("Part")
Part2 = Instance.new("Part")
Part3 = Instance.new("Part")
Part4 = Instance.new("Part")
Part5 = Instance.new("Part")
Part6 = Instance.new("Part")
SpecialMesh7 = Instance.new("SpecialMesh")
Part8 = Instance.new("Part")
SpecialMesh9 = Instance.new("SpecialMesh")
Part10 = Instance.new("Part")
Part11 = Instance.new("Part")
Part12 = Instance.new("Part")
Part13 = Instance.new("Part")
Part14 = Instance.new("Part")
Part15 = Instance.new("Part")
Part16 = Instance.new("Part")
Part17 = Instance.new("Part")
Part18 = Instance.new("Part")
Part19 = Instance.new("Part")
Part20 = Instance.new("Part")
Part21 = Instance.new("Part")
Part22 = Instance.new("Part")
Part23 = Instance.new("Part")
Part24 = Instance.new("Part")
Part25 = Instance.new("Part")
Part26 = Instance.new("Part")
Part27 = Instance.new("Part")
Part28 = Instance.new("Part")
Part29 = Instance.new("Part")
Part30 = Instance.new("Part")
Part31 = Instance.new("Part")
Part32 = Instance.new("Part")
Part33 = Instance.new("Part")
Part34 = Instance.new("Part")
Part35 = Instance.new("Part")
Part36 = Instance.new("Part")
Part37 = Instance.new("Part")
Part38 = Instance.new("Part")
Part39 = Instance.new("Part")
Part40 = Instance.new("Part")
Part41 = Instance.new("Part")
Part42 = Instance.new("Part")
Part43 = Instance.new("Part")
Part44 = Instance.new("Part")
Part45 = Instance.new("Part")
Part46 = Instance.new("Part")
Part47 = Instance.new("Part")
Part48 = Instance.new("Part")
Part49 = Instance.new("Part")
Part50 = Instance.new("Part")
Part51 = Instance.new("Part")
Part52 = Instance.new("Part")
Part53 = Instance.new("Part")
Part54 = Instance.new("Part")
Part55 = Instance.new("Part")
Part56 = Instance.new("Part")
Part57 = Instance.new("Part")
Part58 = Instance.new("Part")
Part59 = Instance.new("Part")
Part60 = Instance.new("Part")
Part61 = Instance.new("Part")
Part62 = Instance.new("Part")
Part63 = Instance.new("Part")
Part64 = Instance.new("Part")
Part65 = Instance.new("Part")
Part66 = Instance.new("Part")
Part67 = Instance.new("Part")
Part68 = Instance.new("Part")
Part69 = Instance.new("Part")
Part70 = Instance.new("Part")
Part71 = Instance.new("Part")
Part72 = Instance.new("Part")
Part73 = Instance.new("Part")
Part74 = Instance.new("Part")
Part75 = Instance.new("Part")
Part76 = Instance.new("Part")
Part77 = Instance.new("Part")
Part78 = Instance.new("Part")
Part79 = Instance.new("Part")
Part80 = Instance.new("Part")
Part81 = Instance.new("Part")
Part82 = Instance.new("Part")
Part83 = Instance.new("Part")
Part84 = Instance.new("Part")
Part85 = Instance.new("Part")
Part86 = Instance.new("Part")
Part87 = Instance.new("Part")
Sound88 = Instance.new("Sound")
ReverbSoundEffect89 = Instance.new("ReverbSoundEffect")
EqualizerSoundEffect90 = Instance.new("EqualizerSoundEffect")
Seat91 = Instance.new("Seat")
Part92 = Instance.new("Part")
Part93 = Instance.new("Part")
Part94 = Instance.new("Part")
Part95 = Instance.new("Part")
Part96 = Instance.new("Part")
Part97 = Instance.new("Part")
Part98 = Instance.new("Part")
Part99 = Instance.new("Part")
Part100 = Instance.new("Part")
Part101 = Instance.new("Part")
Part102 = Instance.new("Part")
Part103 = Instance.new("Part")
Part104 = Instance.new("Part")
Part105 = Instance.new("Part")
Part106 = Instance.new("Part")
Part107 = Instance.new("Part")
Part108 = Instance.new("Part")
Part109 = Instance.new("Part")
Part110 = Instance.new("Part")
Part111 = Instance.new("Part")
Part112 = Instance.new("Part")
Part113 = Instance.new("Part")
Part114 = Instance.new("Part")
Part115 = Instance.new("Part")
Part116 = Instance.new("Part")
Part117 = Instance.new("Part")
Part118 = Instance.new("Part")
Part119 = Instance.new("Part")
Part120 = Instance.new("Part")
Part121 = Instance.new("Part")
Part122 = Instance.new("Part")
Part123 = Instance.new("Part")
Part124 = Instance.new("Part")
Part125 = Instance.new("Part")
Part126 = Instance.new("Part")
Model127 = Instance.new("Model")
Part128 = Instance.new("Part")
SpecialMesh129 = Instance.new("SpecialMesh")
Part130 = Instance.new("Part")
SpecialMesh131 = Instance.new("SpecialMesh")
Model132 = Instance.new("Model")
Part133 = Instance.new("Part")
SpecialMesh134 = Instance.new("SpecialMesh")
Part135 = Instance.new("Part")
SpecialMesh136 = Instance.new("SpecialMesh")
Part137 = Instance.new("Part")
SpecialMesh138 = Instance.new("SpecialMesh")
Part139 = Instance.new("Part")
SpecialMesh140 = Instance.new("SpecialMesh")
Seat141 = Instance.new("Seat")
Seat142 = Instance.new("Seat")
Part143 = Instance.new("Part")
Part144 = Instance.new("Part")
Part145 = Instance.new("Part")
Part146 = Instance.new("Part")
Part147 = Instance.new("Part")
Part148 = Instance.new("Part")
Part149 = Instance.new("Part")
Part150 = Instance.new("Part")
Part151 = Instance.new("Part")
Part152 = Instance.new("Part")
Part153 = Instance.new("Part")
Part154 = Instance.new("Part")
Part155 = Instance.new("Part")
Part156 = Instance.new("Part")
Part157 = Instance.new("Part")
Part158 = Instance.new("Part")
Part159 = Instance.new("Part")
Part160 = Instance.new("Part")
Part161 = Instance.new("Part")
Part162 = Instance.new("Part")
Part163 = Instance.new("Part")
Part164 = Instance.new("Part")
Part165 = Instance.new("Part")
Part166 = Instance.new("Part")
Part167 = Instance.new("Part")
Part168 = Instance.new("Part")
Part169 = Instance.new("Part")
Part170 = Instance.new("Part")
Part171 = Instance.new("Part")
SurfaceLight172 = Instance.new("SurfaceLight")
Texture173 = Instance.new("Texture")
Part174 = Instance.new("Part")
SpecialMesh175 = Instance.new("SpecialMesh")
Part176 = Instance.new("Part")
SpecialMesh177 = Instance.new("SpecialMesh")
Part178 = Instance.new("Part")
Part179 = Instance.new("Part")
Part180 = Instance.new("Part")
Part181 = Instance.new("Part")
Part182 = Instance.new("Part")
Part183 = Instance.new("Part")
Part184 = Instance.new("Part")
Part185 = Instance.new("Part")
Part186 = Instance.new("Part")
Part187 = Instance.new("Part")
Part188 = Instance.new("Part")
Part189 = Instance.new("Part")
Part190 = Instance.new("Part")
Part191 = Instance.new("Part")
Part192 = Instance.new("Part")
Part193 = Instance.new("Part")
Part194 = Instance.new("Part")
Part195 = Instance.new("Part")
Part196 = Instance.new("Part")
Part197 = Instance.new("Part")
Part198 = Instance.new("Part")
Part199 = Instance.new("Part")
Part200 = Instance.new("Part")
Part201 = Instance.new("Part")
Part202 = Instance.new("Part")
Part203 = Instance.new("Part")
Part204 = Instance.new("Part")
Part205 = Instance.new("Part")
Part206 = Instance.new("Part")
Part207 = Instance.new("Part")
Part208 = Instance.new("Part")
Part209 = Instance.new("Part")
Part210 = Instance.new("Part")
Part211 = Instance.new("Part")
Part212 = Instance.new("Part")
Part213 = Instance.new("Part")
Part214 = Instance.new("Part")
Part215 = Instance.new("Part")
Part216 = Instance.new("Part")
Part217 = Instance.new("Part")
Part218 = Instance.new("Part")
Part219 = Instance.new("Part")
Part220 = Instance.new("Part")
Part221 = Instance.new("Part")
Part222 = Instance.new("Part")
Part223 = Instance.new("Part")
Part224 = Instance.new("Part")
Part225 = Instance.new("Part")
Part226 = Instance.new("Part")
Part227 = Instance.new("Part")
Part228 = Instance.new("Part")
Part229 = Instance.new("Part")
Part230 = Instance.new("Part")
Part231 = Instance.new("Part")
Part232 = Instance.new("Part")
Part233 = Instance.new("Part")
Part234 = Instance.new("Part")
Part235 = Instance.new("Part")
Part236 = Instance.new("Part")
Part237 = Instance.new("Part")
Part238 = Instance.new("Part")
Part239 = Instance.new("Part")
Part240 = Instance.new("Part")
Part241 = Instance.new("Part")
Part242 = Instance.new("Part")
Part243 = Instance.new("Part")
Part244 = Instance.new("Part")
Part245 = Instance.new("Part")
Part246 = Instance.new("Part")
Part247 = Instance.new("Part")
Part248 = Instance.new("Part")
Part249 = Instance.new("Part")
Part250 = Instance.new("Part")
Part251 = Instance.new("Part")
Part252 = Instance.new("Part")
Part253 = Instance.new("Part")
Part254 = Instance.new("Part")
Part255 = Instance.new("Part")
Part256 = Instance.new("Part")
Part257 = Instance.new("Part")
Part258 = Instance.new("Part")
Part259 = Instance.new("Part")
Part260 = Instance.new("Part")
Part261 = Instance.new("Part")
Part262 = Instance.new("Part")
Part263 = Instance.new("Part")
Part264 = Instance.new("Part")
Part265 = Instance.new("Part")
Part266 = Instance.new("Part")
Part267 = Instance.new("Part")
Part268 = Instance.new("Part")
Part269 = Instance.new("Part")
Part270 = Instance.new("Part")
Part271 = Instance.new("Part")
Part272 = Instance.new("Part")
Part273 = Instance.new("Part")
Part274 = Instance.new("Part")
Part275 = Instance.new("Part")
Part276 = Instance.new("Part")
Part277 = Instance.new("Part")
Part278 = Instance.new("Part")
Part279 = Instance.new("Part")
Part280 = Instance.new("Part")
Part281 = Instance.new("Part")
Part282 = Instance.new("Part")
Part283 = Instance.new("Part")
Part284 = Instance.new("Part")
Part285 = Instance.new("Part")
Part286 = Instance.new("Part")
Part287 = Instance.new("Part")
Part288 = Instance.new("Part")
Part289 = Instance.new("Part")
Part290 = Instance.new("Part")
Part291 = Instance.new("Part")
Part292 = Instance.new("Part")
Part293 = Instance.new("Part")
Part294 = Instance.new("Part")
Part295 = Instance.new("Part")
Part296 = Instance.new("Part")
Part297 = Instance.new("Part")
Part298 = Instance.new("Part")
Part299 = Instance.new("Part")
Part300 = Instance.new("Part")
Part301 = Instance.new("Part")
Part302 = Instance.new("Part")
Part303 = Instance.new("Part")
Part304 = Instance.new("Part")
Part305 = Instance.new("Part")
Part306 = Instance.new("Part")
Part307 = Instance.new("Part")
Part308 = Instance.new("Part")
Part309 = Instance.new("Part")
Part310 = Instance.new("Part")
Part311 = Instance.new("Part")
Part312 = Instance.new("Part")
Part313 = Instance.new("Part")
Part314 = Instance.new("Part")
Part315 = Instance.new("Part")
Part316 = Instance.new("Part")
Part317 = Instance.new("Part")
Part318 = Instance.new("Part")
Part319 = Instance.new("Part")
Part320 = Instance.new("Part")
Part321 = Instance.new("Part")
Part322 = Instance.new("Part")
Part323 = Instance.new("Part")
Part324 = Instance.new("Part")
Part325 = Instance.new("Part")
Part326 = Instance.new("Part")
Part327 = Instance.new("Part")
Part328 = Instance.new("Part")
Part329 = Instance.new("Part")
Part330 = Instance.new("Part")
Part331 = Instance.new("Part")
Part332 = Instance.new("Part")
Part333 = Instance.new("Part")
Part334 = Instance.new("Part")
Part335 = Instance.new("Part")
Part336 = Instance.new("Part")
Part337 = Instance.new("Part")
Part338 = Instance.new("Part")
Part339 = Instance.new("Part")
Part340 = Instance.new("Part")
Part341 = Instance.new("Part")
Part342 = Instance.new("Part")
Part343 = Instance.new("Part")
Part344 = Instance.new("Part")
Part345 = Instance.new("Part")
Part346 = Instance.new("Part")
Part347 = Instance.new("Part")
Part348 = Instance.new("Part")
Part349 = Instance.new("Part")
Part350 = Instance.new("Part")
Part351 = Instance.new("Part")
Part352 = Instance.new("Part")
Part353 = Instance.new("Part")
Part354 = Instance.new("Part")
Part355 = Instance.new("Part")
Part356 = Instance.new("Part")
Part357 = Instance.new("Part")
Part358 = Instance.new("Part")
Part359 = Instance.new("Part")
Part360 = Instance.new("Part")
Part361 = Instance.new("Part")
Part362 = Instance.new("Part")
Part363 = Instance.new("Part")
Part364 = Instance.new("Part")
Part365 = Instance.new("Part")
Part366 = Instance.new("Part")
Part367 = Instance.new("Part")
Part368 = Instance.new("Part")
Part369 = Instance.new("Part")
Part370 = Instance.new("Part")
Part371 = Instance.new("Part")
Part372 = Instance.new("Part")
Part373 = Instance.new("Part")
Part374 = Instance.new("Part")
Part375 = Instance.new("Part")
Part376 = Instance.new("Part")
Part377 = Instance.new("Part")
Part378 = Instance.new("Part")
Part379 = Instance.new("Part")
Part380 = Instance.new("Part")
Part381 = Instance.new("Part")
Part382 = Instance.new("Part")
Part383 = Instance.new("Part")
Part384 = Instance.new("Part")
Part385 = Instance.new("Part")
Part386 = Instance.new("Part")
Part387 = Instance.new("Part")
Part388 = Instance.new("Part")
Part389 = Instance.new("Part")
Part390 = Instance.new("Part")
Part391 = Instance.new("Part")
Part392 = Instance.new("Part")
Part393 = Instance.new("Part")
Part394 = Instance.new("Part")
Part395 = Instance.new("Part")
Part396 = Instance.new("Part")
Part397 = Instance.new("Part")
Part398 = Instance.new("Part")
Part399 = Instance.new("Part")
Part400 = Instance.new("Part")
Part401 = Instance.new("Part")
Part402 = Instance.new("Part")
Part403 = Instance.new("Part")
Part404 = Instance.new("Part")
Part405 = Instance.new("Part")
Part406 = Instance.new("Part")
Part407 = Instance.new("Part")
Part408 = Instance.new("Part")
Part409 = Instance.new("Part")
Part410 = Instance.new("Part")
Part411 = Instance.new("Part")
Part412 = Instance.new("Part")
Part413 = Instance.new("Part")
Part414 = Instance.new("Part")
Part415 = Instance.new("Part")
Part416 = Instance.new("Part")
Part417 = Instance.new("Part")
Part418 = Instance.new("Part")
Part419 = Instance.new("Part")
Part420 = Instance.new("Part")
Part421 = Instance.new("Part")
Part422 = Instance.new("Part")
Part423 = Instance.new("Part")
Part424 = Instance.new("Part")
Part425 = Instance.new("Part")
Part426 = Instance.new("Part")
Part427 = Instance.new("Part")
Part428 = Instance.new("Part")
Part429 = Instance.new("Part")
Part430 = Instance.new("Part")
Part431 = Instance.new("Part")
Part432 = Instance.new("Part")
Part433 = Instance.new("Part")
Part434 = Instance.new("Part")
Part435 = Instance.new("Part")
Part436 = Instance.new("Part")
Part437 = Instance.new("Part")
Part438 = Instance.new("Part")
Part439 = Instance.new("Part")
Part440 = Instance.new("Part")
Part441 = Instance.new("Part")
Part442 = Instance.new("Part")
Part443 = Instance.new("Part")
Part444 = Instance.new("Part")
Part445 = Instance.new("Part")
Part446 = Instance.new("Part")
Part447 = Instance.new("Part")
Part448 = Instance.new("Part")
Part449 = Instance.new("Part")
Part450 = Instance.new("Part")
Part451 = Instance.new("Part")
Part452 = Instance.new("Part")
Part453 = Instance.new("Part")
Part454 = Instance.new("Part")
Part455 = Instance.new("Part")
Part456 = Instance.new("Part")
Part457 = Instance.new("Part")
Part458 = Instance.new("Part")
Part459 = Instance.new("Part")
Part460 = Instance.new("Part")
Part461 = Instance.new("Part")
Part462 = Instance.new("Part")
Part463 = Instance.new("Part")
Part464 = Instance.new("Part")
Part465 = Instance.new("Part")
Model0.Parent = mas
Part1.Parent = Model0
Part1.CFrame = CFrame.new(-83.5425339, -10132.0801, -10133.4658, 0.123807088, 0.985269845, 0.117962345, -0.833908796, 0.167738393, -0.525794923, -0.537836373, -0.0332726091, 0.842392564)
Part1.Orientation = Vector3.new(31.719999313354, 7.9699997901917, -78.629997253418)
Part1.Position = Vector3.new(-83.542533874512, -10132.080078125, -10133.465820313)
Part1.Rotation = Vector3.new(31.969999313354, 6.7699999809265, -82.839996337891)
Part1.Color = Color3.new(0.803922, 0.803922, 0.803922)
Part1.Size = Vector3.new(1.1640651226044, 1.1640651226044, 1.1640651226044)
Part1.Anchored = true
Part1.BottomSurface = Enum.SurfaceType.Smooth
Part1.BrickColor = BrickColor.new("Mid gray")
Part1.CanCollide = false
Part1.Material = Enum.Material.Neon
Part1.TopSurface = Enum.SurfaceType.Smooth
Part1.brickColor = BrickColor.new("Mid gray")
Part1.Shape = Enum.PartType.Ball
Part2.Parent = Model0
Part2.CFrame = CFrame.new(-68.4491196, -10130.5859, -10116.5059, 0.123807088, 0.985269845, 0.117962345, -0.833908796, 0.167738393, -0.525794923, -0.537836373, -0.0332726091, 0.842392564)
Part2.Orientation = Vector3.new(31.719999313354, 7.9699997901917, -78.629997253418)
Part2.Position = Vector3.new(-68.449119567871, -10130.5859375, -10116.505859375)
Part2.Rotation = Vector3.new(31.969999313354, 6.7699999809265, -82.839996337891)
Part2.Color = Color3.new(0.803922, 0.803922, 0.803922)
Part2.Size = Vector3.new(1.1640651226044, 1.1640651226044, 1.1640651226044)
Part2.Anchored = true
Part2.BottomSurface = Enum.SurfaceType.Smooth
Part2.BrickColor = BrickColor.new("Mid gray")
Part2.CanCollide = false
Part2.Material = Enum.Material.Neon
Part2.TopSurface = Enum.SurfaceType.Smooth
Part2.brickColor = BrickColor.new("Mid gray")
Part2.Shape = Enum.PartType.Ball
Part3.Parent = Model0
Part3.CFrame = CFrame.new(-8.45929718, -10199.1973, -10204.5938, 0.331721067, 0.580406427, 0.743700325, 0.514959276, 0.54911989, -0.658243299, -0.790428996, 0.601328194, -0.116731063)
Part3.Orientation = Vector3.new(41.169998168945, 98.919998168945, 43.159999847412)
Part3.Position = Vector3.new(-8.4592971801758, -10199.197265625, -10204.59375)
Part3.Rotation = Vector3.new(100.05999755859, 48.049999237061, -60.25)
Part3.Color = Color3.new(0.803922, 0.803922, 0.803922)
Part3.Size = Vector3.new(0.22868402302265, 0.22868402302265, 0.22868402302265)
Part3.Anchored = true
Part3.BottomSurface = Enum.SurfaceType.Smooth
Part3.BrickColor = BrickColor.new("Mid gray")
Part3.Material = Enum.Material.Neon
Part3.TopSurface = Enum.SurfaceType.Smooth
Part3.brickColor = BrickColor.new("Mid gray")
Part3.Shape = Enum.PartType.Ball
Part4.Parent = Model0
Part4.CFrame = CFrame.new(-71.9345322, -10146.0137, -10126.4082, 0.123807088, 0.985269845, 0.117962345, -0.833908796, 0.167738393, -0.525794923, -0.537836373, -0.0332726091, 0.842392564)
Part4.Orientation = Vector3.new(31.719999313354, 7.9699997901917, -78.629997253418)
Part4.Position = Vector3.new(-71.934532165527, -10146.013671875, -10126.408203125)
Part4.Rotation = Vector3.new(31.969999313354, 6.7699999809265, -82.839996337891)
Part4.Color = Color3.new(0.803922, 0.803922, 0.803922)
Part4.Size = Vector3.new(1.1640651226044, 1.1640651226044, 1.1640651226044)
Part4.Anchored = true
Part4.BottomSurface = Enum.SurfaceType.Smooth
Part4.BrickColor = BrickColor.new("Mid gray")
Part4.CanCollide = false
Part4.Material = Enum.Material.Neon
Part4.TopSurface = Enum.SurfaceType.Smooth
Part4.brickColor = BrickColor.new("Mid gray")
Part4.Shape = Enum.PartType.Ball
Part5.Parent = Model0
Part5.CFrame = CFrame.new(-0.639215469, -10193.7148, -10196.9092, -0.49809733, -0.0435778871, -0.866025686, 0.0871556401, -0.99619472, 3.7252903e-09, -0.862730086, -0.0754791722, 0.500000119)
Part5.Orientation = Vector3.new(0, -60, 175)
Part5.Position = Vector3.new(-0.63921546936035, -10193.71484375, -10196.909179688)
Part5.Rotation = Vector3.new(0, -60, 175)
Part5.Color = Color3.new(0.803922, 0.803922, 0.803922)
Part5.Size = Vector3.new(0.22868402302265, 0.22868402302265, 0.22868402302265)
Part5.Anchored = true
Part5.BottomSurface = Enum.SurfaceType.Smooth
Part5.BrickColor = BrickColor.new("Mid gray")
Part5.Material = Enum.Material.Neon
Part5.TopSurface = Enum.SurfaceType.Smooth
Part5.brickColor = BrickColor.new("Mid gray")
Part5.Shape = Enum.PartType.Ball
Part6.Parent = Model0
Part6.CFrame = CFrame.new(-8.69978333, -10184.4219, -10208.5605, 1, 0, 0, 0, 1, 0, 0, 0, 1)
Part6.Position = Vector3.new(-8.6997833251953, -10184.421875, -10208.560546875)
Part6.Color = Color3.new(0.0666667, 0.0666667, 0.0666667)
Part6.Size = Vector3.new(134.16778564453, 102.56453704834, 123.79500579834)
Part6.Anchored = true
Part6.BottomSurface = Enum.SurfaceType.Smooth
Part6.BrickColor = BrickColor.new("Really black")
Part6.CanCollide = false
Part6.Material = Enum.Material.Neon
Part6.TopSurface = Enum.SurfaceType.Smooth
Part6.brickColor = BrickColor.new("Really black")
SpecialMesh7.Parent = Part6
SpecialMesh7.MeshId = "rbxassetid://8106078910"
SpecialMesh7.Scale = Vector3.new(-134.16778564453, -102.56450653076, -123.79496765137)
SpecialMesh7.MeshType = Enum.MeshType.FileMesh
Part8.Parent = Model0
Part8.CFrame = CFrame.new(-8.69978333, -10184.4219, -10208.5605, 1, 0, 0, 0, 1, 0, 0, 0, 1)
Part8.Position = Vector3.new(-8.6997833251953, -10184.421875, -10208.560546875)
Part8.Color = Color3.new(0.0666667, 0.0666667, 0.0666667)
Part8.Size = Vector3.new(134.16778564453, 122.06350708008, 128.67353820801)
Part8.Anchored = true
Part8.BottomSurface = Enum.SurfaceType.Smooth
Part8.BrickColor = BrickColor.new("Really black")
Part8.CanCollide = false
Part8.Material = Enum.Material.Neon
Part8.TopSurface = Enum.SurfaceType.Smooth
Part8.brickColor = BrickColor.new("Really black")
SpecialMesh9.Parent = Part8
SpecialMesh9.MeshId = "rbxassetid://8106078910"
SpecialMesh9.Scale = Vector3.new(-134.16778564453, -122.0634765625, -128.67350769043)
SpecialMesh9.MeshType = Enum.MeshType.FileMesh
Part10.Parent = Model0
Part10.CFrame = CFrame.new(-15.5630302, -10170.0146, -10214.5137, 0.476387024, 0.217701077, -0.851857901, -0.878772557, 0.149332762, -0.453275472, 0.0285318494, 0.964523673, 0.262450218)
Part10.Orientation = Vector3.new(26.950000762939, -72.879997253418, -80.360000610352)
Part10.Position = Vector3.new(-15.56303024292, -10170.014648438, -10214.513671875)
Part10.Rotation = Vector3.new(59.930000305176, -58.409999847412, -24.559999465942)
Part10.Color = Color3.new(0.803922, 0.803922, 0.803922)
Part10.Size = Vector3.new(0.22868402302265, 0.22868402302265, 0.22868402302265)
Part10.Anchored = true
Part10.BottomSurface = Enum.SurfaceType.Smooth
Part10.BrickColor = BrickColor.new("Mid gray")
Part10.CanCollide = false
Part10.Material = Enum.Material.Neon
Part10.TopSurface = Enum.SurfaceType.Smooth
Part10.brickColor = BrickColor.new("Mid gray")
Part10.Shape = Enum.PartType.Ball
Part11.Parent = Model0
Part11.CFrame = CFrame.new(-14.3697205, -10170.3311, -10217.5479, 0.476387024, 0.217701077, -0.851857901, -0.878772557, 0.149332762, -0.453275472, 0.0285318494, 0.964523673, 0.262450218)
Part11.Orientation = Vector3.new(26.950000762939, -72.879997253418, -80.360000610352)
Part11.Position = Vector3.new(-14.369720458984, -10170.331054688, -10217.547851563)
Part11.Rotation = Vector3.new(59.930000305176, -58.409999847412, -24.559999465942)
Part11.Color = Color3.new(0.803922, 0.803922, 0.803922)
Part11.Size = Vector3.new(0.22868402302265, 0.22868402302265, 0.22868402302265)
Part11.Anchored = true
Part11.BottomSurface = Enum.SurfaceType.Smooth
Part11.BrickColor = BrickColor.new("Mid gray")
Part11.CanCollide = false
Part11.Material = Enum.Material.Neon
Part11.TopSurface = Enum.SurfaceType.Smooth
Part11.brickColor = BrickColor.new("Mid gray")
Part11.Shape = Enum.PartType.Ball
Part12.Parent = Model0
Part12.CFrame = CFrame.new(-13.9137421, -10168.6816, -10218.3633, 0.476387024, 0.217701077, -0.851857901, -0.878772557, 0.149332762, -0.453275472, 0.0285318494, 0.964523673, 0.262450218)
Part12.Orientation = Vector3.new(26.950000762939, -72.879997253418, -80.360000610352)
Part12.Position = Vector3.new(-13.91374206543, -10168.681640625, -10218.36328125)
Part12.Rotation = Vector3.new(59.930000305176, -58.409999847412, -24.559999465942)
Part12.Color = Color3.new(0.803922, 0.803922, 0.803922)
Part12.Size = Vector3.new(0.22868402302265, 0.22868402302265, 0.22868402302265)
Part12.Anchored = true
Part12.BottomSurface = Enum.SurfaceType.Smooth
Part12.BrickColor = BrickColor.new("Mid gray")
Part12.CanCollide = false
Part12.Material = Enum.Material.Neon
Part12.TopSurface = Enum.SurfaceType.Smooth
Part12.brickColor = BrickColor.new("Mid gray")
Part12.Shape = Enum.PartType.Ball
Part13.Parent = Model0
Part13.CFrame = CFrame.new(-16.6438446, -10168.1484, -10214.8652, 0.476387024, 0.217701077, -0.851857901, -0.878772557, 0.149332762, -0.453275472, 0.0285318494, 0.964523673, 0.262450218)
Part13.Orientation = Vector3.new(26.950000762939, -72.879997253418, -80.360000610352)
Part13.Position = Vector3.new(-16.643844604492, -10168.1484375, -10214.865234375)
Part13.Rotation = Vector3.new(59.930000305176, -58.409999847412, -24.559999465942)
Part13.Color = Color3.new(0.803922, 0.803922, 0.803922)
Part13.Size = Vector3.new(0.22868402302265, 0.22868402302265, 0.22868402302265)
Part13.Anchored = true
Part13.BottomSurface = Enum.SurfaceType.Smooth
Part13.BrickColor = BrickColor.new("Mid gray")
Part13.CanCollide = false
Part13.Material = Enum.Material.Neon
Part13.TopSurface = Enum.SurfaceType.Smooth
Part13.brickColor = BrickColor.new("Mid gray")
Part13.Shape = Enum.PartType.Ball
Part14.Parent = Model0
Part14.CFrame = CFrame.new(-17.997982, -10169.8008, -10208.4072, 0.476387024, 0.217701077, -0.851857901, -0.878772557, 0.149332762, -0.453275472, 0.0285318494, 0.964523673, 0.262450218)
Part14.Orientation = Vector3.new(26.950000762939, -72.879997253418, -80.360000610352)
Part14.Position = Vector3.new(-17.997982025146, -10169.80078125, -10208.407226563)
Part14.Rotation = Vector3.new(59.930000305176, -58.409999847412, -24.559999465942)
Part14.Color = Color3.new(0.803922, 0.803922, 0.803922)
Part14.Size = Vector3.new(0.22868402302265, 0.22868402302265, 0.22868402302265)
Part14.Anchored = true
Part14.BottomSurface = Enum.SurfaceType.Smooth
Part14.BrickColor = BrickColor.new("Mid gray")
Part14.CanCollide = false
Part14.Material = Enum.Material.Neon
Part14.TopSurface = Enum.SurfaceType.Smooth
Part14.brickColor = BrickColor.new("Mid gray")
Part14.Shape = Enum.PartType.Ball
Part15.Parent = Model0
Part15.CFrame = CFrame.new(-18.2067947, -10169.7324, -10207.874, 0.476387024, 0.217701077, -0.851857901, -0.878772557, 0.149332762, -0.453275472, 0.0285318494, 0.964523673, 0.262450218)
Part15.Orientation = Vector3.new(26.950000762939, -72.879997253418, -80.360000610352)
Part15.Position = Vector3.new(-18.20679473877, -10169.732421875, -10207.874023438)
Part15.Rotation = Vector3.new(59.930000305176, -58.409999847412, -24.559999465942)
Part15.Color = Color3.new(0.803922, 0.803922, 0.803922)
Part15.Size = Vector3.new(0.22868402302265, 0.22868402302265, 0.22868402302265)
Part15.Anchored = true
Part15.BottomSurface = Enum.SurfaceType.Smooth
Part15.BrickColor = BrickColor.new("Mid gray")
Part15.CanCollide = false
Part15.Material = Enum.Material.Neon
Part15.TopSurface = Enum.SurfaceType.Smooth
Part15.brickColor = BrickColor.new("Mid gray")
Part15.Shape = Enum.PartType.Ball
Part16.Parent = Model0
Part16.CFrame = CFrame.new(-17.0010471, -10169.0479, -10210.7441, 0.476387024, 0.217701077, -0.851857901, -0.878772557, 0.149332762, -0.453275472, 0.0285318494, 0.964523673, 0.262450218)
Part16.Orientation = Vector3.new(26.950000762939, -72.879997253418, -80.360000610352)
Part16.Position = Vector3.new(-17.001047134399, -10169.047851563, -10210.744140625)
Part16.Rotation = Vector3.new(59.930000305176, -58.409999847412, -24.559999465942)
Part16.Color = Color3.new(0.803922, 0.803922, 0.803922)
Part16.Size = Vector3.new(0.22868402302265, 0.22868402302265, 0.22868402302265)
Part16.Anchored = true
Part16.BottomSurface = Enum.SurfaceType.Smooth
Part16.BrickColor = BrickColor.new("Mid gray")
Part16.CanCollide = false
Part16.Material = Enum.Material.Neon
Part16.TopSurface = Enum.SurfaceType.Smooth
Part16.brickColor = BrickColor.new("Mid gray")
Part16.Shape = Enum.PartType.Ball
Part17.Parent = Model0
Part17.CFrame = CFrame.new(-16.6899605, -10169.3252, -10211.5732, 0.476387024, 0.217701077, -0.851857901, -0.878772557, 0.149332762, -0.453275472, 0.0285318494, 0.964523673, 0.262450218)
Part17.Orientation = Vector3.new(26.950000762939, -72.879997253418, -80.360000610352)
Part17.Position = Vector3.new(-16.689960479736, -10169.325195313, -10211.573242188)
Part17.Rotation = Vector3.new(59.930000305176, -58.409999847412, -24.559999465942)
Part17.Color = Color3.new(0.803922, 0.803922, 0.803922)
Part17.Size = Vector3.new(0.22868402302265, 0.22868402302265, 0.22868402302265)
Part17.Anchored = true
Part17.BottomSurface = Enum.SurfaceType.Smooth
Part17.BrickColor = BrickColor.new("Mid gray")
Part17.CanCollide = false
Part17.Material = Enum.Material.Neon
Part17.TopSurface = Enum.SurfaceType.Smooth
Part17.brickColor = BrickColor.new("Mid gray")
Part17.Shape = Enum.PartType.Ball
Part18.Parent = Model0
Part18.CFrame = CFrame.new(-17.6467285, -10170.2354, -10209.3662, 0.476387024, 0.217701077, -0.851857901, -0.878772557, 0.149332762, -0.453275472, 0.0285318494, 0.964523673, 0.262450218)
Part18.Orientation = Vector3.new(26.950000762939, -72.879997253418, -80.360000610352)
Part18.Position = Vector3.new(-17.646728515625, -10170.235351563, -10209.366210938)
Part18.Rotation = Vector3.new(59.930000305176, -58.409999847412, -24.559999465942)
Part18.Color = Color3.new(0.803922, 0.803922, 0.803922)
Part18.Size = Vector3.new(0.22868402302265, 0.22868402302265, 0.22868402302265)
Part18.Anchored = true
Part18.BottomSurface = Enum.SurfaceType.Smooth
Part18.BrickColor = BrickColor.new("Mid gray")
Part18.CanCollide = false
Part18.Material = Enum.Material.Neon
Part18.TopSurface = Enum.SurfaceType.Smooth
Part18.brickColor = BrickColor.new("Mid gray")
Part18.Shape = Enum.PartType.Ball
Part19.Parent = Model0
Part19.CFrame = CFrame.new(-16.3435936, -10168.6768, -10213.0078, 0.476387024, 0.217701077, -0.851857901, -0.878772557, 0.149332762, -0.453275472, 0.0285318494, 0.964523673, 0.262450218)
Part19.Orientation = Vector3.new(26.950000762939, -72.879997253418, -80.360000610352)
Part19.Position = Vector3.new(-16.343593597412, -10168.676757813, -10213.0078125)
Part19.Rotation = Vector3.new(59.930000305176, -58.409999847412, -24.559999465942)
Part19.Color = Color3.new(0.803922, 0.803922, 0.803922)
Part19.Size = Vector3.new(0.22868402302265, 0.22868402302265, 0.22868402302265)
Part19.Anchored = true
Part19.BottomSurface = Enum.SurfaceType.Smooth
Part19.BrickColor = BrickColor.new("Mid gray")
Part19.CanCollide = false
Part19.Material = Enum.Material.Neon
Part19.TopSurface = Enum.SurfaceType.Smooth
Part19.brickColor = BrickColor.new("Mid gray")
Part19.Shape = Enum.PartType.Ball
Part20.Parent = Model0
Part20.CFrame = CFrame.new(-16.7221451, -10168.5078, -10212.0322, 0.476387024, 0.217701077, -0.851857901, -0.878772557, 0.149332762, -0.453275472, 0.0285318494, 0.964523673, 0.262450218)
Part20.Orientation = Vector3.new(26.950000762939, -72.879997253418, -80.360000610352)
Part20.Position = Vector3.new(-16.722145080566, -10168.5078125, -10212.032226563)
Part20.Rotation = Vector3.new(59.930000305176, -58.409999847412, -24.559999465942)
Part20.Color = Color3.new(0.803922, 0.803922, 0.803922)
Part20.Size = Vector3.new(0.22868402302265, 0.22868402302265, 0.22868402302265)
Part20.Anchored = true
Part20.BottomSurface = Enum.SurfaceType.Smooth
Part20.BrickColor = BrickColor.new("Mid gray")
Part20.CanCollide = false
Part20.Material = Enum.Material.Neon
Part20.TopSurface = Enum.SurfaceType.Smooth
Part20.brickColor = BrickColor.new("Mid gray")
Part20.Shape = Enum.PartType.Ball
Part21.Parent = Model0
Part21.CFrame = CFrame.new(-19.9129562, -10170.9023, -10207.4111, -0.662842155, 0.214785039, -0.71729219, -0.748215318, -0.153497279, 0.645455241, 0.0285318494, 0.964523673, 0.262450218)
Part21.Orientation = Vector3.new(-40.200000762939, -69.900001525879, -101.58999633789)
Part21.Position = Vector3.new(-19.912956237793, -10170.90234375, -10207.411132813)
Part21.Rotation = Vector3.new(-67.870002746582, -45.830001831055, -162.05000305176)
Part21.Color = Color3.new(0.803922, 0.803922, 0.803922)
Part21.Size = Vector3.new(0.22868402302265, 0.22868402302265, 0.22868402302265)
Part21.Anchored = true
Part21.BottomSurface = Enum.SurfaceType.Smooth
Part21.BrickColor = BrickColor.new("Mid gray")
Part21.CanCollide = false
Part21.Material = Enum.Material.Neon
Part21.TopSurface = Enum.SurfaceType.Smooth
Part21.brickColor = BrickColor.new("Mid gray")
Part21.Shape = Enum.PartType.Ball
Part22.Parent = Model0
Part22.CFrame = CFrame.new(-16.0873222, -10170.502, -10204.3398, -0.662842155, 0.214785039, -0.71729219, -0.748215318, -0.153497279, 0.645455241, 0.0285318494, 0.964523673, 0.262450218)
Part22.Orientation = Vector3.new(-40.200000762939, -69.900001525879, -101.58999633789)
Part22.Position = Vector3.new(-16.087322235107, -10170.501953125, -10204.33984375)
Part22.Rotation = Vector3.new(-67.870002746582, -45.830001831055, -162.05000305176)
Part22.Color = Color3.new(0.501961, 0.733333, 0.858824)
Part22.Size = Vector3.new(0.22868402302265, 0.22868402302265, 0.22868402302265)
Part22.Anchored = true
Part22.BottomSurface = Enum.SurfaceType.Smooth
Part22.BrickColor = BrickColor.new("Pastel Blue")
Part22.CanCollide = false
Part22.Material = Enum.Material.Neon
Part22.TopSurface = Enum.SurfaceType.Smooth
Part22.brickColor = BrickColor.new("Pastel Blue")
Part22.Shape = Enum.PartType.Ball
Part23.Parent = Model0
Part23.CFrame = CFrame.new(-13.9790573, -10170.8135, -10205.7129, -0.300856113, -0.276030391, 0.912849069, -0.514647126, 0.852846146, 0.0882695466, -0.802884996, -0.443238705, -0.398642063)
Part23.Orientation = Vector3.new(-5.0599999427795, 113.58999633789, -31.110000610352)
Part23.Position = Vector3.new(-13.979057312012, -10170.813476563, -10205.712890625)
Part23.Rotation = Vector3.new(-167.50999450684, 65.900001525879, 137.46000671387)
Part23.Color = Color3.new(0.501961, 0.733333, 0.858824)
Part23.Size = Vector3.new(0.22868402302265, 0.22868402302265, 0.22868402302265)
Part23.Anchored = true
Part23.BottomSurface = Enum.SurfaceType.Smooth
Part23.BrickColor = BrickColor.new("Pastel Blue")
Part23.CanCollide = false
Part23.Material = Enum.Material.Neon
Part23.TopSurface = Enum.SurfaceType.Smooth
Part23.brickColor = BrickColor.new("Pastel Blue")
Part23.Shape = Enum.PartType.Ball
Part24.Parent = Model0
Part24.CFrame = CFrame.new(-17.2531128, -10171.3096, -10202.2666, 0.448773086, 0.505672276, 0.736816406, -0.88933146, 0.17179431, 0.423764169, 0.087705031, -0.845447958, 0.52680707)
Part24.Orientation = Vector3.new(-25.069999694824, 54.439998626709, -79.069999694824)
Part24.Position = Vector3.new(-17.253112792969, -10171.309570313, -10202.266601563)
Part24.Rotation = Vector3.new(-38.810001373291, 47.459999084473, -48.409999847412)
Part24.Color = Color3.new(0.686275, 0.866667, 1)
Part24.Size = Vector3.new(0.22868402302265, 0.22868402302265, 0.22868402302265)
Part24.Anchored = true
Part24.BottomSurface = Enum.SurfaceType.Smooth
Part24.BrickColor = BrickColor.new("Pastel light blue")
Part24.CanCollide = false
Part24.Material = Enum.Material.Neon
Part24.TopSurface = Enum.SurfaceType.Smooth
Part24.brickColor = BrickColor.new("Pastel light blue")
Part24.Shape = Enum.PartType.Ball
Part25.Parent = Model0
Part25.CFrame = CFrame.new(-12.2245026, -10169.3301, -10212.8232, 0.785949945, -0.117259204, -0.607069075, -0.554017544, -0.569461346, -0.607271612, -0.274494112, 0.813611627, -0.512531936)
Part25.Orientation = Vector3.new(37.389999389648, -130.16999816895, -135.78999328613)
Part25.Position = Vector3.new(-12.224502563477, -10169.330078125, -10212.823242188)
Part25.Rotation = Vector3.new(130.16000366211, -37.380001068115, 8.4899997711182)
Part25.Color = Color3.new(0.803922, 0.803922, 0.803922)
Part25.Size = Vector3.new(0.22868402302265, 0.22868402302265, 0.22868402302265)
Part25.Anchored = true
Part25.BottomSurface = Enum.SurfaceType.Smooth
Part25.BrickColor = BrickColor.new("Mid gray")
Part25.CanCollide = false
Part25.Material = Enum.Material.Neon
Part25.TopSurface = Enum.SurfaceType.Smooth
Part25.brickColor = BrickColor.new("Mid gray")
Part25.Shape = Enum.PartType.Ball
Part26.Parent = Model0
Part26.CFrame = CFrame.new(-11.8578243, -10169.4277, -10218.6504, 0.785949945, -0.117259204, -0.607069075, -0.554017544, -0.569461346, -0.607271612, -0.274494112, 0.813611627, -0.512531936)
Part26.Orientation = Vector3.new(37.389999389648, -130.16999816895, -135.78999328613)
Part26.Position = Vector3.new(-11.857824325562, -10169.427734375, -10218.650390625)
Part26.Rotation = Vector3.new(130.16000366211, -37.380001068115, 8.4899997711182)
Part26.Color = Color3.new(0.803922, 0.803922, 0.803922)
Part26.Size = Vector3.new(0.22868402302265, 0.22868402302265, 0.22868402302265)
Part26.Anchored = true
Part26.BottomSurface = Enum.SurfaceType.Smooth
Part26.BrickColor = BrickColor.new("Mid gray")
Part26.CanCollide = false
Part26.Material = Enum.Material.Neon
Part26.TopSurface = Enum.SurfaceType.Smooth
Part26.brickColor = BrickColor.new("Mid gray")
Part26.Shape = Enum.PartType.Ball
Part27.Parent = Model0
Part27.CFrame = CFrame.new(-54.2338791, -10134.6162, -10137.2881, -0.125979722, 0.789585114, -0.600570023, -0.483409315, -0.577514172, -0.657870293, -0.866281867, 0.20744276, 0.454448014)
Part27.Orientation = Vector3.new(41.139999389648, -52.889999389648, -140.07000732422)
Part27.Position = Vector3.new(-54.233879089355, -10134.616210938, -10137.288085938)
Part27.Rotation = Vector3.new(55.360000610352, -36.909999847412, -99.069999694824)
Part27.Color = Color3.new(0.803922, 0.803922, 0.803922)
Part27.Size = Vector3.new(1.1640651226044, 1.1640651226044, 1.1640651226044)
Part27.Anchored = true
Part27.BottomSurface = Enum.SurfaceType.Smooth
Part27.BrickColor = BrickColor.new("Mid gray")
Part27.CanCollide = false
Part27.Material = Enum.Material.Neon
Part27.TopSurface = Enum.SurfaceType.Smooth
Part27.brickColor = BrickColor.new("Mid gray")
Part27.Shape = Enum.PartType.Ball
Part28.Parent = Model0
Part28.CFrame = CFrame.new(-11.2252827, -10169.4619, -10210.2061, -0.331721067, -0.580406427, -0.743700325, -0.514959276, -0.54911989, 0.658243299, -0.790428996, 0.601328194, -0.116731063)
Part28.Orientation = Vector3.new(-41.169998168945, -98.919998168945, -136.83999633789)
Part28.Position = Vector3.new(-11.225282669067, -10169.461914063, -10210.206054688)
Part28.Rotation = Vector3.new(-100.05999755859, -48.049999237061, 119.75)
Part28.Color = Color3.new(0.705882, 0.501961, 1)
Part28.Size = Vector3.new(0.22868402302265, 0.22868402302265, 0.22868402302265)
Part28.Anchored = true
Part28.BottomSurface = Enum.SurfaceType.Smooth
Part28.BrickColor = BrickColor.new("Alder")
Part28.CanCollide = false
Part28.Material = Enum.Material.Neon
Part28.TopSurface = Enum.SurfaceType.Smooth
Part28.brickColor = BrickColor.new("Alder")
Part28.Shape = Enum.PartType.Ball
Part29.Parent = Model0
Part29.CFrame = CFrame.new(-9.60251045, -10169.4619, -10212.0391, -0.331721067, -0.580406427, -0.743700325, -0.514959276, -0.54911989, 0.658243299, -0.790428996, 0.601328194, -0.116731063)
Part29.Orientation = Vector3.new(-41.169998168945, -98.919998168945, -136.83999633789)
Part29.Position = Vector3.new(-9.6025104522705, -10169.461914063, -10212.0390625)
Part29.Rotation = Vector3.new(-100.05999755859, -48.049999237061, 119.75)
Part29.Color = Color3.new(0.854902, 0.631373, 0.541176)
Part29.Size = Vector3.new(0.22868402302265, 0.22868402302265, 0.22868402302265)
Part29.Anchored = true
Part29.BottomSurface = Enum.SurfaceType.Smooth
Part29.BrickColor = BrickColor.new("Light pink")
Part29.CanCollide = false
Part29.Material = Enum.Material.Neon
Part29.TopSurface = Enum.SurfaceType.Smooth
Part29.brickColor = BrickColor.new("Light pink")
Part29.Shape = Enum.PartType.Ball
Part30.Parent = Model0
Part30.CFrame = CFrame.new(-7.04708672, -10169.4619, -10212.1777, -0.331721067, -0.580406427, -0.743700325, -0.514959276, -0.54911989, 0.658243299, -0.790428996, 0.601328194, -0.116731063)
Part30.Orientation = Vector3.new(-41.169998168945, -98.919998168945, -136.83999633789)
Part30.Position = Vector3.new(-7.0470867156982, -10169.461914063, -10212.177734375)
Part30.Rotation = Vector3.new(-100.05999755859, -48.049999237061, 119.75)
Part30.Color = Color3.new(0.854902, 0.631373, 0.541176)
Part30.Size = Vector3.new(0.22868402302265, 0.22868402302265, 0.22868402302265)
Part30.Anchored = true
Part30.BottomSurface = Enum.SurfaceType.Smooth
Part30.BrickColor = BrickColor.new("Light pink")
Part30.CanCollide = false
Part30.Material = Enum.Material.Neon
Part30.TopSurface = Enum.SurfaceType.Smooth
Part30.brickColor = BrickColor.new("Light pink")
Part30.Shape = Enum.PartType.Ball
Part31.Parent = Model0
