
--Converted with ttyyuu12345's model to script plugin v4
function sandbox(var,func)
	local env = getfenv(func)
	local newenv = setmetatable({},{
		__index = function(self,k)
			if k=="script" then
				return var
			else
				return env[k]
			end
		end,
	})
	setfenv(func,newenv)
	return func
end
cors = {}
mas = Instance.new("Model",game:GetService("Lighting"))
Model0 = Instance.new("Model")
Part1 = Instance.new("Part")
Part2 = Instance.new("Part")
Part3 = Instance.new("Part")
Part4 = Instance.new("Part")
Part5 = Instance.new("Part")
Part6 = Instance.new("Part")
Part7 = Instance.new("Part")
Part8 = Instance.new("Part")
Part9 = Instance.new("Part")
Part10 = Instance.new("Part")
Part11 = Instance.new("Part")
Part12 = Instance.new("Part")
Part13 = Instance.new("Part")
Part14 = Instance.new("Part")
Part15 = Instance.new("Part")
Part16 = Instance.new("Part")
Part17 = Instance.new("Part")
Part18 = Instance.new("Part")
Part19 = Instance.new("Part")
Part20 = Instance.new("Part")
Part21 = Instance.new("Part")
Part22 = Instance.new("Part")
Part23 = Instance.new("Part")
Part24 = Instance.new("Part")
Part25 = Instance.new("Part")
Part26 = Instance.new("Part")
Part27 = Instance.new("Part")
Part28 = Instance.new("Part")
Part29 = Instance.new("Part")
Part30 = Instance.new("Part")
Part31 = Instance.new("Part")
Part32 = Instance.new("Part")
Part33 = Instance.new("Part")
Part34 = Instance.new("Part")
Part35 = Instance.new("Part")
Part36 = Instance.new("Part")
Part37 = Instance.new("Part")
Part38 = Instance.new("Part")
Part39 = Instance.new("Part")
Part40 = Instance.new("Part")
Part41 = Instance.new("Part")
Part42 = Instance.new("Part")
Part43 = Instance.new("Part")
Part44 = Instance.new("Part")
Part45 = Instance.new("Part")
Part46 = Instance.new("Part")
Part47 = Instance.new("Part")
Part48 = Instance.new("Part")
Part49 = Instance.new("Part")
Part50 = Instance.new("Part")
Part51 = Instance.new("Part")
Part52 = Instance.new("Part")
Part53 = Instance.new("Part")
Part54 = Instance.new("Part")
Part55 = Instance.new("Part")
Part56 = Instance.new("Part")
Part57 = Instance.new("Part")
Part58 = Instance.new("Part")
Part59 = Instance.new("Part")
Part60 = Instance.new("Part")
Part61 = Instance.new("Part")
Part62 = Instance.new("Part")
Part63 = Instance.new("Part")
Part64 = Instance.new("Part")
Part65 = Instance.new("Part")
Part66 = Instance.new("Part")
Part67 = Instance.new("Part")
Part68 = Instance.new("Part")
Part69 = Instance.new("Part")
Part70 = Instance.new("Part")
Part71 = Instance.new("Part")
Part72 = Instance.new("Part")
Part73 = Instance.new("Part")
Part74 = Instance.new("Part")
Part75 = Instance.new("Part")
Part76 = Instance.new("Part")
Part77 = Instance.new("Part")
Part78 = Instance.new("Part")
Part79 = Instance.new("Part")
Part80 = Instance.new("Part")
Part81 = Instance.new("Part")
Part82 = Instance.new("Part")
Part83 = Instance.new("Part")
Part84 = Instance.new("Part")
Part85 = Instance.new("Part")
Part86 = Instance.new("Part")
Part87 = Instance.new("Part")
Part88 = Instance.new("Part")
Part89 = Instance.new("Part")
Part90 = Instance.new("Part")
Part91 = Instance.new("Part")
Part92 = Instance.new("Part")
Part93 = Instance.new("Part")
Part94 = Instance.new("Part")
Part95 = Instance.new("Part")
Part96 = Instance.new("Part")
Part97 = Instance.new("Part")
Part98 = Instance.new("Part")
Part99 = Instance.new("Part")
Part100 = Instance.new("Part")
Part101 = Instance.new("Part")
Part102 = Instance.new("Part")
Part103 = Instance.new("Part")
Part104 = Instance.new("Part")
Part105 = Instance.new("Part")
Part106 = Instance.new("Part")
Part107 = Instance.new("Part")
Part108 = Instance.new("Part")
Part109 = Instance.new("Part")
Part110 = Instance.new("Part")
Part111 = Instance.new("Part")
Part112 = Instance.new("Part")
Part113 = Instance.new("Part")
Part114 = Instance.new("Part")
Part115 = Instance.new("Part")
Part116 = Instance.new("Part")
Part117 = Instance.new("Part")
Part118 = Instance.new("Part")
Part119 = Instance.new("Part")
Part120 = Instance.new("Part")
Part121 = Instance.new("Part")
Part122 = Instance.new("Part")
Part123 = Instance.new("Part")
Part124 = Instance.new("Part")
Part125 = Instance.new("Part")
Part126 = Instance.new("Part")
Part127 = Instance.new("Part")
Part128 = Instance.new("Part")
Part129 = Instance.new("Part")
Part130 = Instance.new("Part")
Part131 = Instance.new("Part")
Part132 = Instance.new("Part")
Part133 = Instance.new("Part")
Part134 = Instance.new("Part")
Part135 = Instance.new("Part")
Part136 = Instance.new("Part")
Part137 = Instance.new("Part")
Part138 = Instance.new("Part")
Part139 = Instance.new("Part")
Part140 = Instance.new("Part")
Part141 = Instance.new("Part")
Part142 = Instance.new("Part")
Part143 = Instance.new("Part")
Part144 = Instance.new("Part")
Part145 = Instance.new("Part")
Part146 = Instance.new("Part")
Part147 = Instance.new("Part")
Part148 = Instance.new("Part")
Part149 = Instance.new("Part")
Part150 = Instance.new("Part")
Part151 = Instance.new("Part")
Part152 = Instance.new("Part")
Part153 = Instance.new("Part")
Part154 = Instance.new("Part")
Part155 = Instance.new("Part")
Part156 = Instance.new("Part")
Part157 = Instance.new("Part")
Part158 = Instance.new("Part")
Part159 = Instance.new("Part")
Part160 = Instance.new("Part")
Part161 = Instance.new("Part")
Part162 = Instance.new("Part")
Part163 = Instance.new("Part")
Part164 = Instance.new("Part")
Part165 = Instance.new("Part")
Part166 = Instance.new("Part")
Part167 = Instance.new("Part")
Part168 = Instance.new("Part")
Part169 = Instance.new("Part")
Part170 = Instance.new("Part")
Part171 = Instance.new("Part")
Part172 = Instance.new("Part")
Part173 = Instance.new("Part")
Part174 = Instance.new("Part")
Part175 = Instance.new("Part")
Part176 = Instance.new("Part")
Part177 = Instance.new("Part")
Part178 = Instance.new("Part")
Part179 = Instance.new("Part")
Part180 = Instance.new("Part")
Part181 = Instance.new("Part")
Part182 = Instance.new("Part")
Part183 = Instance.new("Part")
Part184 = Instance.new("Part")
Part185 = Instance.new("Part")
Part186 = Instance.new("Part")
Part187 = Instance.new("Part")
Part188 = Instance.new("Part")
Part189 = Instance.new("Part")
Part190 = Instance.new("Part")
Part191 = Instance.new("Part")
Part192 = Instance.new("Part")
Part193 = Instance.new("Part")
Part194 = Instance.new("Part")
Part195 = Instance.new("Part")
Part196 = Instance.new("Part")
Part197 = Instance.new("Part")
Part198 = Instance.new("Part")
Part199 = Instance.new("Part")
Part200 = Instance.new("Part")
Part201 = Instance.new("Part")
Part202 = Instance.new("Part")
Part203 = Instance.new("Part")
Part204 = Instance.new("Part")
Part205 = Instance.new("Part")
Part206 = Instance.new("Part")
Part207 = Instance.new("Part")
Part208 = Instance.new("Part")
Part209 = Instance.new("Part")
Part210 = Instance.new("Part")
Part211 = Instance.new("Part")
Part212 = Instance.new("Part")
Part213 = Instance.new("Part")
Part214 = Instance.new("Part")
Part215 = Instance.new("Part")
Part216 = Instance.new("Part")
Part217 = Instance.new("Part")
Part218 = Instance.new("Part")
Part219 = Instance.new("Part")
Part220 = Instance.new("Part")
Part221 = Instance.new("Part")
Part222 = Instance.new("Part")
Part223 = Instance.new("Part")
Part224 = Instance.new("Part")
Part225 = Instance.new("Part")
Part226 = Instance.new("Part")
Part227 = Instance.new("Part")
Part228 = Instance.new("Part")
Part229 = Instance.new("Part")
Part230 = Instance.new("Part")
Part231 = Instance.new("Part")
Part232 = Instance.new("Part")
Part233 = Instance.new("Part")
Part234 = Instance.new("Part")
Part235 = Instance.new("Part")
Part236 = Instance.new("Part")
Part237 = Instance.new("Part")
Part238 = Instance.new("Part")
Part239 = Instance.new("Part")
Part240 = Instance.new("Part")
Part241 = Instance.new("Part")
Part242 = Instance.new("Part")
Part243 = Instance.new("Part")
Part244 = Instance.new("Part")
Part245 = Instance.new("Part")
Part246 = Instance.new("Part")
Part247 = Instance.new("Part")
Part248 = Instance.new("Part")
Part249 = Instance.new("Part")
Part250 = Instance.new("Part")
Part251 = Instance.new("Part")
Part252 = Instance.new("Part")
Part253 = Instance.new("Part")
Part254 = Instance.new("Part")
Part255 = Instance.new("Part")
Part256 = Instance.new("Part")
Part257 = Instance.new("Part")
Part258 = Instance.new("Part")
Part259 = Instance.new("Part")
Part260 = Instance.new("Part")
Part261 = Instance.new("Part")
Part262 = Instance.new("Part")
Part263 = Instance.new("Part")
Part264 = Instance.new("Part")
Part265 = Instance.new("Part")
Part266 = Instance.new("Part")
Part267 = Instance.new("Part")
Part268 = Instance.new("Part")
Part269 = Instance.new("Part")
Part270 = Instance.new("Part")
Part271 = Instance.new("Part")
Part272 = Instance.new("Part")
Part273 = Instance.new("Part")
Part274 = Instance.new("Part")
Part275 = Instance.new("Part")
Part276 = Instance.new("Part")
Part277 = Instance.new("Part")
Part278 = Instance.new("Part")
Part279 = Instance.new("Part")
Part280 = Instance.new("Part")
Part281 = Instance.new("Part")
Part282 = Instance.new("Part")
Part283 = Instance.new("Part")
Part284 = Instance.new("Part")
Part285 = Instance.new("Part")
Part286 = Instance.new("Part")
Part287 = Instance.new("Part")
Part288 = Instance.new("Part")
Part289 = Instance.new("Part")
Part290 = Instance.new("Part")
Model291 = Instance.new("Model")
Part292 = Instance.new("Part")
SpecialMesh293 = Instance.new("SpecialMesh")
Part294 = Instance.new("Part")
SpecialMesh295 = Instance.new("SpecialMesh")
Part296 = Instance.new("Part")
Part297 = Instance.new("Part")
Part298 = Instance.new("Part")
SurfaceLight299 = Instance.new("SurfaceLight")
Texture300 = Instance.new("Texture")
Part301 = Instance.new("Part")
SpecialMesh302 = Instance.new("SpecialMesh")
Part303 = Instance.new("Part")
SpecialMesh304 = Instance.new("SpecialMesh")
Part305 = Instance.new("Part")
Part306 = Instance.new("Part")
Part307 = Instance.new("Part")
Part308 = Instance.new("Part")
Part309 = Instance.new("Part")
Part310 = Instance.new("Part")
Seat311 = Instance.new("Seat")
Part312 = Instance.new("Part")
Model313 = Instance.new("Model")
Part314 = Instance.new("Part")
SpecialMesh315 = Instance.new("SpecialMesh")
Part316 = Instance.new("Part")
SpecialMesh317 = Instance.new("SpecialMesh")
Part318 = Instance.new("Part")
Part319 = Instance.new("Part")
SpecialMesh320 = Instance.new("SpecialMesh")
Part321 = Instance.new("Part")
Part322 = Instance.new("Part")
SpecialMesh323 = Instance.new("SpecialMesh")
Part324 = Instance.new("Part")
Part325 = Instance.new("Part")
Sound326 = Instance.new("Sound")
ReverbSoundEffect327 = Instance.new("ReverbSoundEffect")
EqualizerSoundEffect328 = Instance.new("EqualizerSoundEffect")
Part329 = Instance.new("Part")
Seat330 = Instance.new("Seat")
Seat331 = Instance.new("Seat")
Part332 = Instance.new("Part")
SurfaceLight333 = Instance.new("SurfaceLight")
Texture334 = Instance.new("Texture")
Part335 = Instance.new("Part")
SurfaceLight336 = Instance.new("SurfaceLight")
Texture337 = Instance.new("Texture")
Part338 = Instance.new("Part")
SurfaceLight339 = Instance.new("SurfaceLight")
Texture340 = Instance.new("Texture")
Part341 = Instance.new("Part")
Part342 = Instance.new("Part")
Part343 = Instance.new("Part")
Part344 = Instance.new("Part")
Part345 = Instance.new("Part")
Part346 = Instance.new("Part")
Part347 = Instance.new("Part")
Part348 = Instance.new("Part")
Part349 = Instance.new("Part")
Part350 = Instance.new("Part")
Part351 = Instance.new("Part")
Part352 = Instance.new("Part")
Part353 = Instance.new("Part")
Part354 = Instance.new("Part")
Part355 = Instance.new("Part")
Part356 = Instance.new("Part")
Part357 = Instance.new("Part")
Part358 = Instance.new("Part")
Part359 = Instance.new("Part")
Part360 = Instance.new("Part")
Part361 = Instance.new("Part")
Part362 = Instance.new("Part")
Part363 = Instance.new("Part")
Part364 = Instance.new("Part")
Part365 = Instance.new("Part")
Part366 = Instance.new("Part")
Part367 = Instance.new("Part")
Part368 = Instance.new("Part")
Part369 = Instance.new("Part")
Part370 = Instance.new("Part")
Part371 = Instance.new("Part")
Part372 = Instance.new("Part")
Part373 = Instance.new("Part")
Part374 = Instance.new("Part")
Part375 = Instance.new("Part")
Part376 = Instance.new("Part")
Part377 = Instance.new("Part")
Part378 = Instance.new("Part")
Part379 = Instance.new("Part")
Part380 = Instance.new("Part")
Part381 = Instance.new("Part")
Part382 = Instance.new("Part")
Part383 = Instance.new("Part")
Part384 = Instance.new("Part")
Part385 = Instance.new("Part")
Part386 = Instance.new("Part")
Part387 = Instance.new("Part")
Part388 = Instance.new("Part")
Part389 = Instance.new("Part")
Part390 = Instance.new("Part")
Part391 = Instance.new("Part")
Part392 = Instance.new("Part")
Part393 = Instance.new("Part")
Part394 = Instance.new("Part")
Part395 = Instance.new("Part")
Part396 = Instance.new("Part")
Part397 = Instance.new("Part")
Part398 = Instance.new("Part")
Part399 = Instance.new("Part")
Part400 = Instance.new("Part")
Part401 = Instance.new("Part")
Part402 = Instance.new("Part")
Part403 = Instance.new("Part")
Part404 = Instance.new("Part")
Part405 = Instance.new("Part")
Part406 = Instance.new("Part")
Part407 = Instance.new("Part")
Part408 = Instance.new("Part")
Part409 = Instance.new("Part")
Part410 = Instance.new("Part")
Part411 = Instance.new("Part")
Part412 = Instance.new("Part")
Part413 = Instance.new("Part")
Part414 = Instance.new("Part")
Part415 = Instance.new("Part")
Part416 = Instance.new("Part")
Part417 = Instance.new("Part")
Part418 = Instance.new("Part")
Part419 = Instance.new("Part")
Part420 = Instance.new("Part")
Part421 = Instance.new("Part")
Part422 = Instance.new("Part")
Part423 = Instance.new("Part")
Part424 = Instance.new("Part")
Part425 = Instance.new("Part")
Part426 = Instance.new("Part")
Part427 = Instance.new("Part")
Part428 = Instance.new("Part")
Part429 = Instance.new("Part")
Part430 = Instance.new("Part")
Part431 = Instance.new("Part")
Part432 = Instance.new("Part")
Part433 = Instance.new("Part")
Part434 = Instance.new("Part")
Part435 = Instance.new("Part")
Part436 = Instance.new("Part")
Part437 = Instance.new("Part")
Part438 = Instance.new("Part")
Part439 = Instance.new("Part")
Part440 = Instance.new("Part")
Part441 = Instance.new("Part")
Part442 = Instance.new("Part")
Part443 = Instance.new("Part")
Part444 = Instance.new("Part")
Part445 = Instance.new("Part")
Part446 = Instance.new("Part")
Part447 = Instance.new("Part")
Part448 = Instance.new("Part")
Part449 = Instance.new("Part")
Part450 = Instance.new("Part")
Part451 = Instance.new("Part")
Part452 = Instance.new("Part")
Part453 = Instance.new("Part")
Part454 = Instance.new("Part")
Part455 = Instance.new("Part")
Part456 = Instance.new("Part")
Part457 = Instance.new("Part")
Part458 = Instance.new("Part")
Part459 = Instance.new("Part")
Part460 = Instance.new("Part")
Part461 = Instance.new("Part")
Part462 = Instance.new("Part")
Part463 = Instance.new("Part")
Part464 = Instance.new("Part")
Part465 = Instance.new("Part")
Part466 = Instance.new("Part")
Part467 = Instance.new("Part")
Part468 = Instance.new("Part")
Part469 = Instance.new("Part")
Part470 = Instance.new("Part")
Part471 = Instance.new("Part")
Part472 = Instance.new("Part")
Part473 = Instance.new("Part")
Part474 = Instance.new("Part")
Part475 = Instance.new("Part")
Part476 = Instance.new("Part")
Part477 = Instance.new("Part")
Part478 = Instance.new("Part")
Part479 = Instance.new("Part")
Part480 = Instance.new("Part")
Part481 = Instance.new("Part")
Part482 = Instance.new("Part")
Part483 = Instance.new("Part")
Part484 = Instance.new("Part")
Part485 = Instance.new("Part")
Part486 = Instance.new("Part")
Part487 = Instance.new("Part")
Part488 = Instance.new("Part")
Part489 = Instance.new("Part")
Part490 = Instance.new("Part")
Part491 = Instance.new("Part")
Part492 = Instance.new("Part")
Part493 = Instance.new("Part")
Part494 = Instance.new("Part")
Part495 = Instance.new("Part")
Part496 = Instance.new("Part")
Part497 = Instance.new("Part")
Part498 = Instance.new("Part")
Part499 = Instance.new("Part")
Part500 = Instance.new("Part")
Part501 = Instance.new("Part")
Part502 = Instance.new("Part")
Part503 = Instance.new("Part")
Part504 = Instance.new("Part")
Part505 = Instance.new("Part")
Part506 = Instance.new("Part")
Part507 = Instance.new("Part")
Part508 = Instance.new("Part")
Part509 = Instance.new("Part")
Part510 = Instance.new("Part")
Part511 = Instance.new("Part")
Part512 = Instance.new("Part")
Part513 = Instance.new("Part")
Part514 = Instance.new("Part")
Part515 = Instance.new("Part")
Part516 = Instance.new("Part")
Part517 = Instance.new("Part")
Part518 = Instance.new("Part")
Part519 = Instance.new("Part")
Part520 = Instance.new("Part")
Part521 = Instance.new("Part")
Part522 = Instance.new("Part")
Part523 = Instance.new("Part")
Part524 = Instance.new("Part")
Part525 = Instance.new("Part")
Part526 = Instance.new("Part")
Part527 = Instance.new("Part")
Part528 = Instance.new("Part")
Part529 = Instance.new("Part")
Part530 = Instance.new("Part")
Part531 = Instance.new("Part")
Part532 = Instance.new("Part")
Part533 = Instance.new("Part")
Part534 = Instance.new("Part")
Part535 = Instance.new("Part")
Part536 = Instance.new("Part")
Part537 = Instance.new("Part")
Part538 = Instance.new("Part")
Part539 = Instance.new("Part")
Part540 = Instance.new("Part")
Part541 = Instance.new("Part")
Part542 = Instance.new("Part")
Part543 = Instance.new("Part")
Part544 = Instance.new("Part")
Part545 = Instance.new("Part")
Part546 = Instance.new("Part")
Part547 = Instance.new("Part")
Part548 = Instance.new("Part")
Part549 = Instance.new("Part")
Part550 = Instance.new("Part")
Part551 = Instance.new("Part")
Part552 = Instance.new("Part")
Part553 = Instance.new("Part")
Part554 = Instance.new("Part")
Part555 = Instance.new("Part")
Part556 = Instance.new("Part")
Part557 = Instance.new("Part")
Part558 = Instance.new("Part")
Part559 = Instance.new("Part")
Part560 = Instance.new("Part")
Part561 = Instance.new("Part")
Part562 = Instance.new("Part")
Part563 = Instance.new("Part")
Part564 = Instance.new("Part")
Part565 = Instance.new("Part")
Part566 = Instance.new("Part")
Part567 = Instance.new("Part")
Part568 = Instance.new("Part")
Part569 = Instance.new("Part")
Part570 = Instance.new("Part")
Part571 = Instance.new("Part")
Part572 = Instance.new("Part")
Part573 = Instance.new("Part")
Part574 = Instance.new("Part")
Part575 = Instance.new("Part")
Part576 = Instance.new("Part")
Part577 = Instance.new("Part")
Part578 = Instance.new("Part")
Model0.Name = "Hangout"
Model0.Parent = mas
Part1.Name = "cover"
Part1.Parent = Model0
Part1.CFrame = CFrame.new(0, 6155.81104, 0, 1, 0, 0, 0, 1, 0, 0, 0, 1)
Part1.Position = Vector3.new(0, 6155.8110351563, 0)
Part1.Color = Color3.new(0.0666667, 0.0666667, 0.0666667)
Part1.Size = Vector3.new(1152.8800048828, 36.089618682861, 1118.2299804688)
Part1.Anchored = true
Part1.BrickColor = BrickColor.new("Really black")
Part1.CanCollide = false
Part1.Material = Enum.Material.Glass
Part1.Reflectance = 1
Part1.brickColor = BrickColor.new("Really black")
Part1.FormFactor = Enum.FormFactor.Symmetric
Part1.formFactor = Enum.FormFactor.Symmetric
Part2.Parent = Model0
Part2.CFrame = CFrame.new(42.9543648, 6570.08057, 189.187744, -0.762139618, -0.0818708837, 0.64221555, -0.0434119999, 0.996201992, 0.0754790604, -0.645955801, 0.029645592, -0.762799323)
Part2.Orientation = Vector3.new(-4.3299999237061, 139.91000366211, -2.5)
Part2.Position = Vector3.new(42.954364776611, 6570.0805664063, 189.18774414063)
Part2.Rotation = Vector3.new(-174.35000610352, 39.959999084473, 173.86999511719)
Part2.Color = Color3.new(0.686275, 0.866667, 1)
Part2.Size = Vector3.new(2.100533246994, 2.100533246994, 2.100533246994)
Part2.Anchored = true
Part2.BottomSurface = Enum.SurfaceType.Smooth
Part2.BrickColor = BrickColor.new("Pastel light blue")
Part2.CanCollide = false
Part2.Material = Enum.Material.Neon
Part2.TopSurface = Enum.SurfaceType.Smooth
Part2.brickColor = BrickColor.new("Pastel light blue")
Part2.Shape = Enum.PartType.Ball
Part3.Parent = Model0
Part3.CFrame = CFrame.new(30.7129059, 6573.55713, 191.554916, -0.828010499, 0.500100255, -0.253570616, -0.541911125, -0.597616017, 0.590920806, 0.143981963, 0.626701415, 0.765842676)
Part3.Orientation = Vector3.new(-36.220001220703, -18.319999694824, -137.80000305176)
Part3.Position = Vector3.new(30.712905883789, 6573.5571289063, 191.55491638184)
Part3.Rotation = Vector3.new(-37.650001525879, -14.689999580383, -148.86999511719)
Part3.Color = Color3.new(0.686275, 0.866667, 1)
Part3.Size = Vector3.new(2.100533246994, 2.100533246994, 2.100533246994)
Part3.Anchored = true
Part3.BottomSurface = Enum.SurfaceType.Smooth
Part3.BrickColor = BrickColor.new("Pastel light blue")
Part3.CanCollide = false
Part3.Material = Enum.Material.Neon
Part3.TopSurface = Enum.SurfaceType.Smooth
Part3.brickColor = BrickColor.new("Pastel light blue")
Part3.Shape = Enum.PartType.Ball
Part4.Parent = Model0
Part4.CFrame = CFrame.new(36.2928314, 6576.36914, 159.909607, -0.828010499, 0.500100255, -0.253570616, -0.541911125, -0.597616017, 0.590920806, 0.143981963, 0.626701415, 0.765842676)
Part4.Orientation = Vector3.new(-36.220001220703, -18.319999694824, -137.80000305176)
Part4.Position = Vector3.new(36.292831420898, 6576.369140625, 159.90960693359)
Part4.Rotation = Vector3.new(-37.650001525879, -14.689999580383, -148.86999511719)
Part4.Color = Color3.new(0.686275, 0.866667, 1)
Part4.Size = Vector3.new(2.100533246994, 2.100533246994, 2.100533246994)
Part4.Anchored = true
Part4.BottomSurface = Enum.SurfaceType.Smooth
Part4.BrickColor = BrickColor.new("Pastel light blue")
Part4.CanCollide = false
Part4.Material = Enum.Material.Neon
Part4.TopSurface = Enum.SurfaceType.Smooth
Part4.brickColor = BrickColor.new("Pastel light blue")
Part4.Shape = Enum.PartType.Ball
Part5.Parent = Model0
Part5.CFrame = CFrame.new(-66.2763519, 6497.9248, 206.694656, -0.47440654, -0.808447361, 0.348355561, 0.382639408, 0.167006955, 0.908678293, -0.792796195, 0.564377129, 0.230114669)
Part5.Orientation = Vector3.new(-65.319999694824, 56.549999237061, 66.419998168945)
Part5.Position = Vector3.new(-66.276351928711, 6497.9248046875, 206.69465637207)
Part5.Rotation = Vector3.new(-75.790000915527, 20.389999389648, 120.40000152588)
Part5.Color = Color3.new(0.803922, 0.803922, 0.803922)
Part5.Size = Vector3.new(2.100533246994, 2.100533246994, 2.100533246994)
Part5.Anchored = true
Part5.BottomSurface = Enum.SurfaceType.Smooth
Part5.BrickColor = BrickColor.new("Mid gray")
Part5.CanCollide = false
Part5.Material = Enum.Material.Neon
Part5.TopSurface = Enum.SurfaceType.Smooth
Part5.brickColor = BrickColor.new("Mid gray")
Part5.Shape = Enum.PartType.Ball
Part6.Parent = Model0
Part6.CFrame = CFrame.new(-76.8490906, 6493.06445, 201.026031, -0.125979722, 0.789585114, -0.600570023, -0.483409315, -0.577514172, -0.657870293, -0.866281867, 0.20744276, 0.454448014)
Part6.Orientation = Vector3.new(41.139999389648, -52.889999389648, -140.07000732422)
Part6.Position = Vector3.new(-76.849090576172, 6493.064453125, 201.02603149414)
Part6.Rotation = Vector3.new(55.360000610352, -36.909999847412, -99.069999694824)
Part6.Color = Color3.new(0.803922, 0.803922, 0.803922)
Part6.Size = Vector3.new(2.100533246994, 2.100533246994, 2.100533246994)
Part6.Anchored = true
Part6.BottomSurface = Enum.SurfaceType.Smooth
Part6.BrickColor = BrickColor.new("Mid gray")
Part6.CanCollide = false
Part6.Material = Enum.Material.Neon
Part6.TopSurface = Enum.SurfaceType.Smooth
Part6.brickColor = BrickColor.new("Mid gray")
Part6.Shape = Enum.PartType.Ball
Part7.Parent = Model0
Part7.CFrame = CFrame.new(59.4555969, 6576.18213, 149.366043, 0.073386915, 0.157378748, 0.98480773, -0.906307817, 0.42261827, 0, -0.416197747, -0.892538965, 0.173648223)
Part7.Orientation = Vector3.new(0, 80, -65)
Part7.Position = Vector3.new(59.455596923828, 6576.1821289063, 149.36604309082)
Part7.Rotation = Vector3.new(0, 80, -65)
Part7.Color = Color3.new(0.686275, 0.866667, 1)
Part7.Size = Vector3.new(2.100533246994, 2.100533246994, 2.100533246994)
Part7.Anchored = true
Part7.BottomSurface = Enum.SurfaceType.Smooth
Part7.BrickColor = BrickColor.new("Pastel light blue")
Part7.CanCollide = false
Part7.Material = Enum.Material.Neon
Part7.TopSurface = Enum.SurfaceType.Smooth
Part7.brickColor = BrickColor.new("Pastel light blue")
Part7.Shape = Enum.PartType.Ball
Part8.Parent = Model0
Part8.CFrame = CFrame.new(132.114655, 6587.05225, 37.0917206, -0.612097323, -0.782720089, 0.112632483, -0.0236384571, 0.160478979, 0.986756444, -0.790428996, 0.601328194, -0.116731063)
Part8.Orientation = Vector3.new(-80.660003662109, 136.02000427246, -8.3800001144409)
Part8.Position = Vector3.new(132.11465454102, 6587.0522460938, 37.091720581055)
Part8.Rotation = Vector3.new(-96.75, 6.4699997901917, 128.0299987793)
Part8.Color = Color3.new(0.803922, 0.803922, 0.803922)
Part8.Size = Vector3.new(2.100533246994, 2.100533246994, 2.100533246994)
Part8.Anchored = true
Part8.BottomSurface = Enum.SurfaceType.Smooth
Part8.BrickColor = BrickColor.new("Mid gray")
Part8.CanCollide = false
Part8.Material = Enum.Material.Neon
Part8.TopSurface = Enum.SurfaceType.Smooth
Part8.brickColor = BrickColor.new("Mid gray")
Part8.Shape = Enum.PartType.Ball
Part9.Parent = Model0
Part9.CFrame = CFrame.new(106.120033, 6568.85059, 80.3348923, -0.612097323, -0.782720089, 0.112632483, -0.0236384571, 0.160478979, 0.986756444, -0.790428996, 0.601328194, -0.116731063)
Part9.Orientation = Vector3.new(-80.660003662109, 136.02000427246, -8.3800001144409)
Part9.Position = Vector3.new(106.12003326416, 6568.8505859375, 80.334892272949)
Part9.Rotation = Vector3.new(-96.75, 6.4699997901917, 128.0299987793)
Part9.Color = Color3.new(0.803922, 0.803922, 0.803922)
Part9.Size = Vector3.new(2.100533246994, 2.100533246994, 2.100533246994)
Part9.Anchored = true
Part9.BottomSurface = Enum.SurfaceType.Smooth
Part9.BrickColor = BrickColor.new("Mid gray")
Part9.CanCollide = false
Part9.Material = Enum.Material.Neon
Part9.TopSurface = Enum.SurfaceType.Smooth
Part9.brickColor = BrickColor.new("Mid gray")
Part9.Shape = Enum.PartType.Ball
Part10.Parent = Model0
Part10.CFrame = CFrame.new(-123.515121, 6628.30566, 183.469696, 0.123807088, 0.985269845, 0.117962345, -0.833908796, 0.167738393, -0.525794923, -0.537836373, -0.0332726091, 0.842392564)
Part10.Orientation = Vector3.new(31.719999313354, 7.9699997901917, -78.629997253418)
Part10.Position = Vector3.new(-123.51512145996, 6628.3056640625, 183.46969604492)
Part10.Rotation = Vector3.new(31.969999313354, 6.7699999809265, -82.839996337891)
Part10.Color = Color3.new(0.803922, 0.803922, 0.803922)
Part10.Size = Vector3.new(2.100533246994, 2.100533246994, 2.100533246994)
Part10.Anchored = true
Part10.BottomSurface = Enum.SurfaceType.Smooth
Part10.BrickColor = BrickColor.new("Mid gray")
Part10.CanCollide = false
Part10.Material = Enum.Material.Neon
Part10.TopSurface = Enum.SurfaceType.Smooth
Part10.brickColor = BrickColor.new("Mid gray")
Part10.Shape = Enum.PartType.Ball
Part11.Parent = Model0
Part11.CFrame = CFrame.new(-150.750885, 6625.60986, 152.866852, 0.123807088, 0.985269845, 0.117962345, -0.833908796, 0.167738393, -0.525794923, -0.537836373, -0.0332726091, 0.842392564)
Part11.Orientation = Vector3.new(31.719999313354, 7.9699997901917, -78.629997253418)
Part11.Position = Vector3.new(-150.75088500977, 6625.6098632813, 152.86685180664)
Part11.Rotation = Vector3.new(31.969999313354, 6.7699999809265, -82.839996337891)
Part11.Color = Color3.new(0.803922, 0.803922, 0.803922)
Part11.Size = Vector3.new(2.100533246994, 2.100533246994, 2.100533246994)
Part11.Anchored = true
Part11.BottomSurface = Enum.SurfaceType.Smooth
Part11.BrickColor = BrickColor.new("Mid gray")
Part11.CanCollide = false
Part11.Material = Enum.Material.Neon
Part11.TopSurface = Enum.SurfaceType.Smooth
Part11.brickColor = BrickColor.new("Mid gray")
Part11.Shape = Enum.PartType.Ball
Part12.Parent = Model0
Part12.CFrame = CFrame.new(-157.734512, 6597.39893, 153.090363, -0.125979722, 0.789585114, -0.600570023, -0.483409315, -0.577514172, -0.657870293, -0.866281867, 0.20744276, 0.454448014)
Part12.Orientation = Vector3.new(41.139999389648, -52.889999389648, -140.07000732422)
Part12.Position = Vector3.new(-157.7345123291, 6597.3989257813, 153.09036254883)
Part12.Rotation = Vector3.new(55.360000610352, -36.909999847412, -99.069999694824)
Part12.Color = Color3.new(0.694118, 0.654902, 1)
Part12.Size = Vector3.new(2.100533246994, 2.100533246994, 2.100533246994)
Part12.Anchored = true
Part12.BottomSurface = Enum.SurfaceType.Smooth
Part12.BrickColor = BrickColor.new("Pastel violet")
Part12.CanCollide = false
Part12.Material = Enum.Material.Neon
Part12.TopSurface = Enum.SurfaceType.Smooth
Part12.brickColor = BrickColor.new("Pastel violet")
Part12.Shape = Enum.PartType.Ball
Part13.Parent = Model0
Part13.CFrame = CFrame.new(-8.81147385, 6594.18018, 152.141052, 0.177464217, -0.747728765, 0.639850199, -0.846834183, 0.215212792, 0.486369342, -0.501376331, -0.628160119, -0.595009863)
Part13.Orientation = Vector3.new(-29.10000038147, 132.91999816895, -75.73999786377)
Part13.Position = Vector3.new(-8.8114738464355, 6594.1801757813, 152.14105224609)
Part13.Rotation = Vector3.new(-140.74000549316, 39.779998779297, 76.650001525879)
Part13.Color = Color3.new(0.501961, 0.733333, 0.858824)
Part13.Size = Vector3.new(2.100533246994, 2.100533246994, 2.100533246994)
Part13.Anchored = true
Part13.BottomSurface = Enum.SurfaceType.Smooth
Part13.BrickColor = BrickColor.new("Pastel Blue")
Part13.CanCollide = false
Part13.Material = Enum.Material.Neon
Part13.TopSurface = Enum.SurfaceType.Smooth
Part13.brickColor = BrickColor.new("Pastel Blue")
Part13.Shape = Enum.PartType.Ball
Part14.Parent = Model0
Part14.CFrame = CFrame.new(13.4863253, 6591.25439, 189.41748, -0.834942758, -0.497162044, -0.236010268, -0.538910151, 0.825543284, 0.167493612, 0.111565441, 0.267035961, -0.957207143)
Part14.Orientation = Vector3.new(-9.6400003433228, -166.14999389648, -33.139999389648)
Part14.Position = Vector3.new(13.486325263977, 6591.2543945313, 189.41748046875)
Part14.Rotation = Vector3.new(-170.07000732422, -13.64999961853, 149.22999572754)
Part14.Color = Color3.new(0.686275, 0.866667, 1)
Part14.Size = Vector3.new(2.100533246994, 2.100533246994, 2.100533246994)
Part14.Anchored = true
Part14.BottomSurface = Enum.SurfaceType.Smooth
Part14.BrickColor = BrickColor.new("Pastel light blue")
Part14.CanCollide = false
Part14.Material = Enum.Material.Neon
Part14.TopSurface = Enum.SurfaceType.Smooth
Part14.brickColor = BrickColor.new("Pastel light blue")
Part14.Shape = Enum.PartType.Ball
Part15.Parent = Model0
Part15.CFrame = CFrame.new(7.06358337, 6589.30225, 200.484879, -0.0752411783, 0.989348531, 0.124611855, -0.803138673, -0.134193435, 0.580483079, 0.591022134, -0.0564041734, 0.804681361)
Part15.Orientation = Vector3.new(-35.479999542236, 8.8000001907349, -99.48999786377)
Part15.Position = Vector3.new(7.0635833740234, 6589.3022460938, 200.48487854004)
Part15.Rotation = Vector3.new(-35.810001373291, 7.1599998474121, -94.349998474121)
Part15.Color = Color3.new(0.686275, 0.866667, 1)
Part15.Size = Vector3.new(2.100533246994, 2.100533246994, 2.100533246994)
Part15.Anchored = true
Part15.BottomSurface = Enum.SurfaceType.Smooth
Part15.BrickColor = BrickColor.new("Pastel light blue")
Part15.CanCollide = false
Part15.Material = Enum.Material.Neon
Part15.TopSurface = Enum.SurfaceType.Smooth
Part15.brickColor = BrickColor.new("Pastel light blue")
Part15.Shape = Enum.PartType.Ball
Part16.Parent = Model0
Part16.CFrame = CFrame.new(-13.6429272, 6586.4834, 175.9133, -0.0752411783, 0.989348531, 0.124611855, -0.803138673, -0.134193435, 0.580483079, 0.591022134, -0.0564041734, 0.804681361)
Part16.Orientation = Vector3.new(-35.479999542236, 8.8000001907349, -99.48999786377)
Part16.Position = Vector3.new(-13.6429271698, 6586.4833984375, 175.91329956055)
Part16.Rotation = Vector3.new(-35.810001373291, 7.1599998474121, -94.349998474121)
Part16.Color = Color3.new(0.686275, 0.866667, 1)
Part16.Size = Vector3.new(2.100533246994, 2.100533246994, 2.100533246994)
Part16.Anchored = true
Part16.BottomSurface = Enum.SurfaceType.Smooth
Part16.BrickColor = BrickColor.new("Pastel light blue")
Part16.CanCollide = false
Part16.Material = Enum.Material.Neon
Part16.TopSurface = Enum.SurfaceType.Smooth
Part16.brickColor = BrickColor.new("Pastel light blue")
Part16.Shape = Enum.PartType.Ball
Part17.Parent = Model0
Part17.CFrame = CFrame.new(-99.0625763, 6594.42285, 189.60495, -0.0752411783, 0.989348531, 0.124611855, -0.803138673, -0.134193435, 0.580483079, 0.591022134, -0.0564041734, 0.804681361)
Part17.Orientation = Vector3.new(-35.479999542236, 8.8000001907349, -99.48999786377)
Part17.Position = Vector3.new(-99.062576293945, 6594.4228515625, 189.60494995117)
Part17.Rotation = Vector3.new(-35.810001373291, 7.1599998474121, -94.349998474121)
Part17.Color = Color3.new(0.803922, 0.803922, 0.803922)
Part17.Size = Vector3.new(2.100533246994, 2.100533246994, 2.100533246994)
Part17.Anchored = true
Part17.BottomSurface = Enum.SurfaceType.Smooth
Part17.BrickColor = BrickColor.new("Mid gray")
Part17.CanCollide = false
Part17.Material = Enum.Material.Neon
Part17.TopSurface = Enum.SurfaceType.Smooth
Part17.brickColor = BrickColor.new("Mid gray")
Part17.Shape = Enum.PartType.Ball
Part18.Parent = Model0
Part18.CFrame = CFrame.new(-100.018372, 6596.75391, 180.121292, -0.0752411783, 0.989348531, 0.124611855, -0.803138673, -0.134193435, 0.580483079, 0.591022134, -0.0564041734, 0.804681361)
Part18.Orientation = Vector3.new(-35.479999542236, 8.8000001907349, -99.48999786377)
Part18.Position = Vector3.new(-100.01837158203, 6596.75390625, 180.12129211426)
Part18.Rotation = Vector3.new(-35.810001373291, 7.1599998474121, -94.349998474121)
Part18.Color = Color3.new(0.803922, 0.803922, 0.803922)
Part18.Size = Vector3.new(2.100533246994, 2.100533246994, 2.100533246994)
Part18.Anchored = true
Part18.BottomSurface = Enum.SurfaceType.Smooth
Part18.BrickColor = BrickColor.new("Mid gray")
Part18.CanCollide = false
Part18.Material = Enum.Material.Neon
Part18.TopSurface = Enum.SurfaceType.Smooth
Part18.brickColor = BrickColor.new("Mid gray")
Part18.Shape = Enum.PartType.Ball
Part19.Parent = Model0
Part19.CFrame = CFrame.new(-94.2093124, 6593.45215, 187.610535, 0.123807088, 0.985269845, 0.117962345, -0.833908796, 0.167738393, -0.525794923, -0.537836373, -0.0332726091, 0.842392564)
Part19.Orientation = Vector3.new(31.719999313354, 7.9699997901917, -78.629997253418)
Part19.Position = Vector3.new(-94.209312438965, 6593.4521484375, 187.61053466797)
Part19.Rotation = Vector3.new(31.969999313354, 6.7699999809265, -82.839996337891)
Part19.Color = Color3.new(0.803922, 0.803922, 0.803922)
Part19.Size = Vector3.new(2.100533246994, 2.100533246994, 2.100533246994)
Part19.Anchored = true
Part19.BottomSurface = Enum.SurfaceType.Smooth
Part19.BrickColor = BrickColor.new("Mid gray")
Part19.CanCollide = false
Part19.Material = Enum.Material.Neon
Part19.TopSurface = Enum.SurfaceType.Smooth
Part19.brickColor = BrickColor.new("Mid gray")
Part19.Shape = Enum.PartType.Ball
Part20.Parent = Model0
Part20.CFrame = CFrame.new(25.9603214, 6603.88379, 167.146057, -0.828010499, 0.500100255, -0.253570616, -0.541911125, -0.597616017, 0.590920806, 0.143981963, 0.626701415, 0.765842676)
Part20.Orientation = Vector3.new(-36.220001220703, -18.319999694824, -137.80000305176)
Part20.Position = Vector3.new(25.960321426392, 6603.8837890625, 167.14605712891)
Part20.Rotation = Vector3.new(-37.650001525879, -14.689999580383, -148.86999511719)
Part20.Color = Color3.new(0.501961, 0.733333, 0.858824)
Part20.Size = Vector3.new(2.100533246994, 2.100533246994, 2.100533246994)
Part20.Anchored = true
Part20.BottomSurface = Enum.SurfaceType.Smooth
Part20.BrickColor = BrickColor.new("Pastel Blue")
Part20.CanCollide = false
Part20.Material = Enum.Material.Neon
Part20.TopSurface = Enum.SurfaceType.Smooth
Part20.brickColor = BrickColor.new("Pastel Blue")
Part20.Shape = Enum.PartType.Ball
Part21.Parent = Model0
Part21.CFrame = CFrame.new(-72.9675064, 6617.88965, 172.763626, -0.828010499, 0.500100255, -0.253570616, -0.541911125, -0.597616017, 0.590920806, 0.143981963, 0.626701415, 0.765842676)
Part21.Orientation = Vector3.new(-36.220001220703, -18.319999694824, -137.80000305176)
Part21.Position = Vector3.new(-72.967506408691, 6617.8896484375, 172.76362609863)
Part21.Rotation = Vector3.new(-37.650001525879, -14.689999580383, -148.86999511719)
Part21.Color = Color3.new(0.705882, 0.501961, 1)
Part21.Size = Vector3.new(2.100533246994, 2.100533246994, 2.100533246994)
Part21.Anchored = true
Part21.BottomSurface = Enum.SurfaceType.Smooth
Part21.BrickColor = BrickColor.new("Alder")
Part21.CanCollide = false
Part21.Material = Enum.Material.Neon
Part21.TopSurface = Enum.SurfaceType.Smooth
Part21.brickColor = BrickColor.new("Alder")
Part21.Shape = Enum.PartType.Ball
Part22.Parent = Model0
Part22.CFrame = CFrame.new(-10.0864973, 6598.89063, 206.561371, 0.177464217, -0.747728765, 0.639850199, -0.846834183, 0.215212792, 0.486369342, -0.501376331, -0.628160119, -0.595009863)
Part22.Orientation = Vector3.new(-29.10000038147, 132.91999816895, -75.73999786377)
Part22.Position = Vector3.new(-10.086497306824, 6598.890625, 206.56137084961)
Part22.Rotation = Vector3.new(-140.74000549316, 39.779998779297, 76.650001525879)
Part22.Color = Color3.new(0.686275, 0.866667, 1)
Part22.Size = Vector3.new(2.100533246994, 2.100533246994, 2.100533246994)
Part22.Anchored = true
Part22.BottomSurface = Enum.SurfaceType.Smooth
Part22.BrickColor = BrickColor.new("Pastel light blue")
Part22.CanCollide = false
Part22.Material = Enum.Material.Neon
Part22.TopSurface = Enum.SurfaceType.Smooth
Part22.brickColor = BrickColor.new("Pastel light blue")
Part22.Shape = Enum.PartType.Ball
Part23.Parent = Model0
Part23.CFrame = CFrame.new(-36.1261139, 6606.05225, 171.952316, -0.834942758, -0.497162044, -0.236010268, -0.538910151, 0.825543284, 0.167493612, 0.111565441, 0.267035961, -0.957207143)
Part23.Orientation = Vector3.new(-9.6400003433228, -166.14999389648, -33.139999389648)
Part23.Position = Vector3.new(-36.126113891602, 6606.0522460938, 171.95231628418)
Part23.Rotation = Vector3.new(-170.07000732422, -13.64999961853, 149.22999572754)
Part23.Color = Color3.new(0.501961, 0.733333, 0.858824)
Part23.Size = Vector3.new(2.100533246994, 2.100533246994, 2.100533246994)
Part23.Anchored = true
Part23.BottomSurface = Enum.SurfaceType.Smooth
Part23.BrickColor = BrickColor.new("Pastel Blue")
Part23.CanCollide = false
Part23.Material = Enum.Material.Neon
Part23.TopSurface = Enum.SurfaceType.Smooth
Part23.brickColor = BrickColor.new("Pastel Blue")
Part23.Shape = Enum.PartType.Ball
Part24.Parent = Model0
Part24.CFrame = CFrame.new(-27.0935974, 6607.2168, 193.387421, -0.0752411783, 0.989348531, 0.124611855, -0.803138673, -0.134193435, 0.580483079, 0.591022134, -0.0564041734, 0.804681361)
Part24.Orientation = Vector3.new(-35.479999542236, 8.8000001907349, -99.48999786377)
Part24.Position = Vector3.new(-27.093597412109, 6607.216796875, 193.3874206543)
Part24.Rotation = Vector3.new(-35.810001373291, 7.1599998474121, -94.349998474121)
Part24.Color = Color3.new(0.501961, 0.733333, 0.858824)
Part24.Size = Vector3.new(2.100533246994, 2.100533246994, 2.100533246994)
Part24.Anchored = true
Part24.BottomSurface = Enum.SurfaceType.Smooth
Part24.BrickColor = BrickColor.new("Pastel Blue")
Part24.CanCollide = false
Part24.Material = Enum.Material.Neon
Part24.TopSurface = Enum.SurfaceType.Smooth
Part24.brickColor = BrickColor.new("Pastel Blue")
Part24.Shape = Enum.PartType.Ball
Part25.Parent = Model0
Part25.CFrame = CFrame.new(-60.8983612, 6600.48877, 222.646957, -0.0752411783, 0.989348531, 0.124611855, -0.803138673, -0.134193435, 0.580483079, 0.591022134, -0.0564041734, 0.804681361)
Part25.Orientation = Vector3.new(-35.479999542236, 8.8000001907349, -99.48999786377)
Part25.Position = Vector3.new(-60.898361206055, 6600.4887695313, 222.64695739746)
Part25.Rotation = Vector3.new(-35.810001373291, 7.1599998474121, -94.349998474121)
